99
99
99
99
99
99
99
99
99
99
99
99
99
99
99
99
99
99
99
99
99
99
99
99
99
99
99
99
99
99
99
99
99
99
99
99
99
99
99
99
99
99
99
99
99
99
99
99
99
99
99
99
99
99
99
99
99
99
99
99
99
99
99
99
99
99
99
99
99
99
99
99
99
99
99
99
99
99
99
99
99
99
99
99
99
99
99
99
99
99
99
99
99
99
99
99
99
99
99
99
99
99
99
99
99
99
99
99
99
99
99
99
99
99
99
99
99
99
99
99
99
99
99
99
99
99
99
99
99
99
99
99
99
99
99
99
99
99
99
99
99
99
99
99
99
99
99
99
99
99
99
99
99
99
99
99
99
99
99
99
99
99
99
99
99
99
99
99
99
99
99
99
99
99
99
99
99
99
99
99
99
99
99
99
99
99
99
99
99
99
99
99
99
99
99
99
99
99
99
99
99
99
99
99
99
99
99
99
99
99
99
99
99
99
99
99
99
99
99
99
99
99
99
99
99
99
99
99
99
99
99
99
99
99
99
99
99
99
99
99
99
99
99
99
99
99
99
99
99
99
99
99
99
99
99
99
99
99
99
99
99
99
99
99
99
99
99
99
99
99
99
99
99
99
99
99
99
99
99
99
99
99
99
99
99
99
99
99
99
99
99
99
99
99
99
99
99
99
99
99
99
99
99
99
99
99
99
99
99
99
99
99
99
99
99
99
99
99
99
99
99
99
99
99
99
99
99
99
99
99
99
99
99
99
99
99
99
99
99
99
99
99
99
99
99
99
99
99
99
99
99
99
99
99
99
99
99
99
99
99
99
99
99
99
99
99
99
99
99
99
99
99
99
99
99
99
99
99
99
99
99
99
99
99
99
99
99
99
99
99
99
99
99
99
99
99
99
99
99
99
99
99
99
99
99
99
99
99
99
99
99
99
99
99
99
99
99
99
99
99
99
99
99
99
99
99
99
99
99
99
99
99
99
99
99
99
99
99
99
99
99
99
99
99
99
99
99
99
99
99
99
99
99
99
99
99
99
99
99
99
99
99
99
99
99
99
99
99
99
99
99
99
99
99
99
99
99
99
99
99
99
99
99
99
99
99
99
99
99
99
99
99
99
99
99
99
99
99
99
99
99
99
99
99
99
99
99
99
99
99
99
99
99
99
99
99
99
99
99
99
99
99
99
99
99
99
99
99
99
99
99
99
276
276
276
276
276
276
276
276
276
276
276
276
276
276
276
276
276
276
276
276
276
276
276
276
276
276
276
276
276
276
276
276
276
276
276
276
276
276
276
276
276
276
276
276
276
276
276
276
298
298
298
298
298
298
298
298
298
298
298
298
298
298
298
298
298
298
298
298
298
298
298
298
298
298
298
298
305
305
305
305
305
305
305
305
305
305
305
305
305
305
305
305
305
305
305
305
305
305
305
305
305
305
311
311
311
311
311
312
312
312
312
312
312
312
312
312
463
463
463
463
469
469
469
469
469
469
469
469
572
572
572
572
628
628
628
628
628
628
692
692
692
782
782
782
782
782
782
800
800
800
839
839
839
839
839
848
848
862
862
862
863
863
869
869
891
891
914
914
916
916
929
929
1037
1037
1039
1039
1045
1045
1168
1168
1170
1174
1174
1301
1301
1301
1304
1304
1376
1376
1376
1376
1413
1413
1418
1421
1440
1440
1459
1463
1499
1499
1565
1582
1603
1603
1669
1698
1716
1784
1815
1831
1876
1898
1910
1935
1935
1960
1965
1992
2001
2042
2051
2093
2127
2150
2204
2230
2245
2339
2353
2398
2430
2439
2504
2510
2538
2585
2606
2640
2674
2715
2735
2811
2849
2894
2931
2984
3008
3049
3082
3120
3193
3209
3282
3309
3380
3400
3482
3537
3585
3643
3677
3734
3759
3828
3877
3909
3989
4054
4104
4164
4234
4292
4347
4423
4482
4521
4596
4660
4736
4819
4884
4943
5020
5095
5169
5235
5306
5386
5457
5533
5632
5729
5794
5867
5950
6040
6119
6206
6292
6400
6489
6594
6677
6772
6866
6971
7059
7156
7258
7369
7497
7597
7711
7826
7938
8050
8164
8291
8411
8513
8643
8768
8909
9031
9164
9285
9419
9561
9686
9836
9973
10124
10266
10401
10578
10721
10890
11048
11190
11365
11514
11666
11854
12014
12195
12379
12554
12736
12919
13095
13291
13481
13675
13877
14079
14280
14504
14692
14907
15137
15341
15568
15791
16020
16250
16487
16712
16966
17214
17469
17747
17981
18238
18510
18764
19036
19324
19598
19881
20191
20472
20757
21074
21392
21667
22004
22311
22639
22971
23296
23653
23965
24333
24678
25020
25403
25762
26166
26541
26931
27342
27736
28105
28533
28972
29359
29769
30291
30746
31138
31557
32061
32538
33017
33439
33960
34461
35003
35500
36086
36633
37222
37812
38421
39040
39587
40233
40821
41497
42057
42753
43242
43998
44542
45257
45816
46570
47105
47926
48526
49321
50129
50925
51783
52585
53662
54512
55431
56591
57623
59051
60520
62182
63635
65097
66365
67531
68622
69658
70659
71656
72660
73785
75009
76489
78064
79637
81032
82358
83607
84781
85947
87163
88366
89634
90810
91909
92778
93539
94415
95265
95957
96491
96782
96955
97113
97299
97570
98004